0.0 0.5374554102259215 0.6171224732461356 0.4756242568370987 0.6313912009512486 0.549346016646849 0.5731272294887039 0.3032104637336504 0.3079667063020214 0.45422116527942924
0.5374554102259215 0.0 0.6575505350772889 0.5648038049940547 0.6480380499405469 0.4708680142687277 0.6206896551724138 0.47443519619500596 0.5980975029726516 0.3079667063020214
0.6171224732461356 0.6575505350772889 0.0 0.4637336504161712 0.4863258026159334 0.6575505350772889 0.31985731272294887 0.5731272294887039 0.6623067776456599 0.6076099881093936
0.4756242568370987 0.5648038049940547 0.4637336504161712 0.0 0.4780023781212842 0.5885850178359097 0.3055885850178359 0.3269916765755054 0.5552913198573127 0.47919143876337694
0.6313912009512486 0.6480380499405469 0.4863258026159334 0.4780023781212842 0.0 0.6730083234244947 0.3055885850178359 0.5969084423305588 0.6765755053507729 0.6302021403091558
0.549346016646849 0.4708680142687277 0.6575505350772889 0.5885850178359097 0.6730083234244947 0.0 0.638525564803805 0.4803804994054697 0.6087990487514863 0.30677764565992865
0.5731272294887039 0.6206896551724138 0.31985731272294887 0.3055885850178359 0.3055885850178359 0.638525564803805 0.0 0.5053507728894173 0.6313912009512486 0.5695600475624257
0.3032104637336504 0.47443519619500596 0.5731272294887039 0.3269916765755054 0.5969084423305588 0.4803804994054697 0.5053507728894173 0.0 0.47205707491082044 0.31391200951248516
0.3079667063020214 0.5980975029726516 0.6623067776456599 0.5552913198573127 0.6765755053507729 0.6087990487514863 0.6313912009512486 0.47205707491082044 0.0 0.5576694411414982
0.45422116527942924 0.3079667063020214 0.6076099881093936 0.47919143876337694 0.6302021403091558 0.30677764565992865 0.5695600475624257 0.31391200951248516 0.5576694411414982 0.0
